=== Run information ===

Scheme:       weka.clusterers.EM -I 100 -N -1 -X 10 -max -1 -ll-cv 1.0E-6 -ll-iter 1.0E-6 -M 1.0E-6 -K 100 -num-slots 1 -S 100
Relation:     winequality-red-weka.filters.unsupervised.instance.RemovePercentage-P34.0-V
Instances:    1599
Attributes:   12
              fixed_acidity
              volatile_acidity
              citric_acid
              residual_sugar
              chlorides
              free_sulfur_dioxide
              total_sulfur_dioxide
              density
              pH
              sulphates
              alcohol
Ignored:
              class
Test mode:    Classes to clusters evaluation on training data

=== Clustering model (full training set) ===


EM
==

Number of clusters selected by cross validation: 16
Number of iterations performed: 100


                        Cluster
Attribute                     0        1        2        3        4        5        6        7        8        9       10       11       12       13       14       15
                         (0.08)   (0.05)   (0.04)    (0.1)   (0.08)   (0.05)   (0.03)   (0.05)   (0.06)   (0.08)   (0.06)   (0.08)   (0.03)   (0.04)   (0.08)   (0.09)
=======================================================================================================================================================================
fixed_acidity
  mean                    7.5748  12.3862    8.339   8.4068   8.2381   9.8355   8.8753   7.0749    5.945  10.3878   7.0101   9.3889    7.463   6.9446   7.6963   7.0715
  std. dev.               0.8399   1.3087   0.7318   0.7016   0.9203   1.2491   1.5565   0.3406   0.6775   1.1781   0.6389   0.7287   1.2482   0.6594    0.507    0.484

volatile_acidity
  mean                    0.3998   0.4387   0.5579   0.6403   0.3359    0.346   0.5801   0.6241    0.585   0.3997   0.7893    0.579   0.3607    0.635   0.6167   0.5609
  std. dev.               0.0797   0.1172   0.1501   0.1602   0.0821   0.0837   0.1375   0.0554   0.1565   0.1124   0.2019   0.1665   0.1136   0.1068   0.1079   0.1033

citric_acid
  mean                    0.3166   0.5727   0.4009   0.1789   0.3833   0.4814   0.2967   0.0649   0.0927   0.5058   0.0671   0.3088   0.4172   0.0427   0.1923   0.0941
  std. dev.               0.1074   0.0916    0.202   0.1168   0.0631   0.0921   0.1381   0.0725   0.1045   0.0914   0.0735   0.1331   0.1407   0.0436   0.0951   0.0855

residual_sugar
  mean                    2.1464   2.9492   1.9646   2.1249    2.099   2.2461   6.5038   2.1092   1.9955   2.9276   3.1982   2.6648   5.0314   2.0897   2.3691   1.9705
  std. dev.               0.3579   1.0589   0.3756   0.4048   0.4211   0.4661   3.8804   0.3184    0.403   1.3989   1.4314   0.3328   3.3202    0.271   0.7715   0.3399

chlorides
  mean                    0.0789   0.0836   0.2201   0.0826   0.0669   0.1029   0.1252   0.0772   0.0609   0.0844   0.0989   0.0878   0.0645   0.0718   0.0844   0.0766
  std. dev.               0.0086   0.0118   0.1484   0.0136    0.012   0.0514   0.0501   0.0055   0.0153   0.0216   0.0423   0.0089   0.0168   0.0096   0.0117   0.0124

free_sulfur_dioxide
  mean                   24.8091  14.2426  16.4378   8.4266  13.1035  10.1391   33.011  13.1327   15.306   5.4226  10.8544   22.098  30.6249  30.5517  21.5968  11.0741
  std. dev.               8.3405   7.4865   9.0277   3.3793   7.3476   3.9171  16.9919   4.6824   7.7039   1.5105   6.2703   7.6226  13.5545   7.6383    9.184   4.6832

total_sulfur_dioxide
  mean                   59.5365  40.9697  71.2284  27.4745  28.9727  26.9471  87.3872  43.1449  46.1742  15.9448  28.0705  77.4642 101.6392   49.538  84.5609  25.4672
  std. dev.              15.5459  16.3152  38.4036  11.6039  15.3392   8.4497  34.2328  23.6809   30.539    5.029  17.3929  31.0376  52.3896  12.8961  29.0469   9.8292

density
  mean                    0.9967   0.9998   0.9971   0.9971   0.9949   0.9976   0.9997   0.9974   0.9934   0.9977   0.9963   0.9986   0.9954   0.9954   0.9964   0.9956
  std. dev.               0.0008   0.0015   0.0006    0.001   0.0009   0.0013   0.0018   0.0005   0.0011   0.0014   0.0013   0.0009   0.0026    0.001   0.0007   0.0007

pH
  mean                    3.3939     3.11   3.1173   3.2668   3.2982   3.2244   3.2707   3.5063   3.5518   3.1877   3.4619   3.2736   3.2815   3.4399   3.2456   3.3719
  std. dev.               0.0745   0.1004   0.1243   0.0919    0.088   0.1247   0.0982   0.0844    0.158   0.0878   0.0908     0.11   0.1451   0.0896   0.0794   0.0549

sulphates
  mean                    0.6699   0.7169   1.0756   0.5687   0.7071   0.7504   0.7336   0.6435   0.6278   0.6958    0.575   0.6096   0.6749   0.6757   0.5426   0.5866
  std. dev.                0.126   0.1274   0.3546   0.0876    0.118   0.1594    0.185   0.1057   0.1192   0.1495   0.0815   0.0742   0.1485   0.1145    0.061   0.0965

alcohol
  mean                   10.0613  10.4892   9.5129   9.8026  11.7082   10.578   9.5376   9.6725  12.1708  10.9368  10.6145   9.8781  11.3529  10.9397   9.5676  10.2299
  std. dev.               0.7154   1.0648   0.3734   0.5121    0.732   1.0195    0.535   0.3431   0.9754   1.0103   0.7543   0.6044   0.9384    0.735   0.3077    0.705



Time taken to build model (full training data) : 1291.79 seconds

=== Model and evaluation on training set ===

Clustered Instances

 0       126 (  8%)
 1        82 (  5%)
 2        64 (  4%)
 3       155 ( 10%)
 4       135 (  8%)
 5        75 (  5%)
 6        42 (  3%)
 7        79 (  5%)
 8        93 (  6%)
 9       147 (  9%)
10        90 (  6%)
11       125 (  8%)
12        41 (  3%)
13        60 (  4%)
14       135 (  8%)
15       150 (  9%)


Log likelihood: -1.2209


Class attribute: class
Classes to Clusters:

   0   1   2   3   4   5   6   7   8   9  10  11  12  13  14  15  <-- assigned to cluster
   0   1   0   0   0   1   1   0   0   0   7   0   0   0   0   0 | 3
   2   1   3  10   0   1   1   0   3   3  15   5   1   0   2   6 | 4
  52  24  45  87  11  19  27  51  25  32  34  79  12  15 105  63 | 5
  62  36  15  57  58  40  10  25  48  72  27  35  17  39  28  69 | 6
  10  19   1   1  60  13   3   3  14  35   7   6  10   5   0  12 | 7
   0   1   0   0   6   1   0   0   3   5   0   0   1   1   0   0 | 8

Cluster  0 <-- No class
Cluster  1 <-- No class
Cluster  2 <-- No class
Cluster  3 <-- 4
Cluster  4 <-- 7
Cluster  5 <-- No class
Cluster  6 <-- No class
Cluster  7 <-- No class
Cluster  8 <-- 8
Cluster  9 <-- 6
Cluster 10 <-- 3
Cluster 11 <-- No class
Cluster 12 <-- No class
Cluster 13 <-- No class
Cluster 14 <-- 5
Cluster 15 <-- No class

Incorrectly clustered instances :	1342.0	 83.9275 %

