=== Run information ===

Scheme:       weka.clusterers.EM -I 100 -N -1 -X 10 -max -1 -ll-cv 1.0E-6 -ll-iter 1.0E-6 -M 1.0E-6 -K 10 -num-slots 1 -S 100
Relation:     winequality-red-weka.filters.unsupervised.instance.RemovePercentage-P34.0-V_ICA-weka.filters.unsupervised.attribute.IndependentComponents-W-A12-N200-T1.0E-4
Instances:    1599
Attributes:   12
              Source_0
              Source_1
              Source_2
              Source_3
              Source_4
              Source_5
              Source_6
              Source_7
              Source_8
              Source_9
              Source_10
Ignored:
              class
Test mode:    Classes to clusters evaluation on training data

=== Clustering model (full training set) ===


EM
==

Number of clusters selected by cross validation: 15
Number of iterations performed: 100


            Cluster
Attribute         0       1       2       3       4       5       6       7       8       9      10      11      12      13      14
             (0.05)  (0.11)  (0.08)  (0.05)  (0.07)  (0.09)  (0.13)  (0.13)  (0.02)  (0.03)  (0.08)  (0.02)  (0.05)  (0.02)  (0.07)
====================================================================================================================================
Source_0
  mean       -0.1265 -0.1418 -0.1317 -0.1502 -0.1515 -0.1218 -0.1022 -0.1111   -0.07 -0.1168 -0.1405 -0.0711 -0.1091 -0.1081 -0.1098
  std. dev.   0.0097  0.0155  0.0305  0.0193  0.0134  0.0184  0.0093  0.0161  0.0237  0.0073  0.0202  0.0216  0.0122  0.0266  0.0255

Source_1
  mean       -0.0161 -0.0213 -0.0143  0.0187 -0.0094 -0.0182 -0.0051  0.0022 -0.0117 -0.0085  0.0203 -0.0582 -0.0337  0.0053 -0.0154
  std. dev.   0.0182   0.016   0.029  0.0172  0.0116   0.022  0.0144  0.0159  0.0235  0.0148  0.0195  0.0298  0.0132  0.0441  0.0211

Source_2
  mean        0.1347  0.1297  0.1908  0.2137   0.166  0.1529  0.1288  0.1557   0.144  0.1586  0.1612  0.1985  0.1653  0.1722  0.1524
  std. dev.   0.0108  0.0202  0.0257  0.0283  0.0177  0.0289   0.011  0.0169  0.0175  0.0114  0.0138  0.0275  0.0125  0.0534  0.0295

Source_3
  mean       -0.0394 -0.0426 -0.0493 -0.0408  -0.045 -0.0255 -0.0445 -0.0487  -0.024 -0.0149 -0.0612 -0.1129 -0.0413 -0.0404 -0.0611
  std. dev.   0.0204  0.0175  0.0236  0.0286  0.0133  0.0194  0.0158  0.0142  0.0136  0.0155  0.0178  0.0341  0.0147  0.0269  0.0352

Source_4
  mean       -0.0283 -0.0256 -0.0313 -0.0592 -0.0605 -0.0405 -0.0382 -0.0356 -0.0752 -0.0352 -0.0296 -0.0736 -0.0084 -0.0171 -0.0138
  std. dev.   0.0122  0.0194   0.037  0.0184  0.0117  0.0189  0.0126  0.0207  0.0245  0.0117  0.0172   0.036  0.0117  0.0128  0.0285

Source_5
  mean       -0.0214 -0.0522 -0.0486  -0.047 -0.0294 -0.0303 -0.0488 -0.0522 -0.0485 -0.0632 -0.0354 -0.0324  -0.044 -0.0542 -0.0276
  std. dev.   0.0133  0.0156  0.0324  0.0147  0.0151  0.0291  0.0181  0.0162  0.0233  0.0176  0.0232  0.0318  0.0158    0.03  0.0311

Source_6
  mean        0.0142 -0.0164 -0.0423  0.0018 -0.0082 -0.0037   0.011  -0.005 -0.0094  0.0146  -0.003 -0.0387  0.0376  0.0231  0.0129
  std. dev.   0.0099  0.0141  0.0193  0.0204  0.0137  0.0168  0.0116  0.0156   0.021  0.0179  0.0121  0.0316   0.014  0.0316   0.027

Source_7
  mean       -0.0698 -0.0442 -0.0662 -0.0733 -0.0583 -0.0772 -0.0722 -0.0751  0.0387 -0.0789 -0.0608 -0.0785 -0.0482 -0.0173  -0.051
  std. dev.   0.0084  0.0136   0.023  0.0127  0.0103  0.0115  0.0118  0.0107  0.0492  0.0081  0.0133  0.0186  0.0083   0.028  0.0154

Source_8
  mean        0.1637  0.1566  0.1955  0.2093  0.1908  0.1631  0.1665  0.1886  0.2235  0.1664  0.1678  0.1117  0.1682  0.1099  0.1802
  std. dev.   0.0097  0.0205  0.0256  0.0145  0.0171  0.0234  0.0113  0.0105  0.0267  0.0074  0.0182  0.0357  0.0117  0.0336  0.0152

Source_9
  mean        0.0189  0.0524  0.0627  0.0608  0.0717  0.0448  0.0502  0.0557  0.0019  0.0244  0.0363  0.0123  0.0523  0.0733  0.0506
  std. dev.    0.014  0.0208  0.0182  0.0256  0.0135  0.0187  0.0142  0.0141  0.0259  0.0093  0.0297  0.0478  0.0138  0.0424  0.0277

Source_10
  mean       -0.0627 -0.0607 -0.0608 -0.0398 -0.0509 -0.0825 -0.0636 -0.0574 -0.0917 -0.0558 -0.0737 -0.0635 -0.0484 -0.1064 -0.0588
  std. dev.     0.01   0.019  0.0219  0.0172  0.0116  0.0152  0.0143  0.0106  0.0396  0.0138  0.0141  0.0175  0.0118   0.054  0.0184



Time taken to build model (full training data) : 246.15 seconds

=== Model and evaluation on training set ===

Clustered Instances

 0        78 (  5%)
 1       179 ( 11%)
 2       124 (  8%)
 3        83 (  5%)
 4       115 (  7%)
 5       145 (  9%)
 6       220 ( 14%)
 7       206 ( 13%)
 8        33 (  2%)
 9        56 (  4%)
10       123 (  8%)
11        27 (  2%)
12        89 (  6%)
13        30 (  2%)
14        91 (  6%)


Log likelihood: 27.14179


Class attribute: class
Classes to Clusters:

   0   1   2   3   4   5   6   7   8   9  10  11  12  13  14  <-- assigned to cluster
   0   2   4   0   0   0   0   2   1   0   0   0   0   0   1 | 3
   1   5   9   2   1   2   6  19   1   1   1   1   1   3   0 | 4
  45  52  31  19   8  55 139  85  18  40  28  13  71  16  61 | 5
  32  91  40  42  53  71  68  89  12  12  69  12  17   6  24 | 6
   0  26  37  15  50  16   7  11   1   3  23   1   0   5   4 | 7
   0   3   3   5   3   1   0   0   0   0   2   0   0   0   1 | 8

Cluster  0 <-- No class
Cluster  1 <-- 6
Cluster  2 <-- 3
Cluster  3 <-- 8
Cluster  4 <-- 7
Cluster  5 <-- No class
Cluster  6 <-- 5
Cluster  7 <-- 4
Cluster  8 <-- No class
Cluster  9 <-- No class
Cluster 10 <-- No class
Cluster 11 <-- No class
Cluster 12 <-- No class
Cluster 13 <-- No class
Cluster 14 <-- No class

Incorrectly clustered instances :	1291.0	 80.738  %

