=== Run information ===

Scheme:weka.classifiers.functions.SMO -C 1.0 -L 0.001 -P 1.0E-12 -N 0 -V -1 -W 1 -K "weka.classifiers.functions.supportVector.RBFKernel -C 250007 -G 1.0"
Relation:     vote
Instances:    291
Attributes:   17
              handicapped-infants
              water-project-cost-sharing
              adoption-of-the-budget-resolution
              physician-fee-freeze
              el-salvador-aid
              religious-groups-in-schools
              anti-satellite-test-ban
              aid-to-nicaraguan-contras
              mx-missile
              immigration
              synfuels-corporation-cutback
              education-spending
              superfund-right-to-sue
              crime
              duty-free-exports
              export-administration-act-south-africa
              Class
Test mode:evaluate on training data

=== Classifier model (full training set) ===

SMO

Kernel used:
  RBF kernel: K(x,y) = e^-(1.0* <x-y,x-y>^2)

Classifier for classes: democrat, republican

BinarySMO

      1      * <1 0 1 1 1 1 1 1 0 1 1 1 0 1 1 1 > * X]
 +       0.7938 * <0 1 0 1 1 1 0 0 0 0 0 1 0 1 0 1 > * X]
 +       0.1746 * <0 0 0 1 1 1 0 0 0 0 0 1 1 1 0 0 > * X]
 -       0.0987 * <1 1 1 0 0 0 1 1 1 0 1 0 0 0 0 1 > * X]
 +       0.7689 * <0 1 0 1 1 1 1 0 0 0 0 0 1 1 0 0 > * X]
 -       0.5524 * <0 0 1 0 1 0 1 1 1 0 0 0 0 1 0 1 > * X]
 +       0.8718 * <0 1 0 1 1 1 0 0 0 0 1 0 1 1 0 1 > * X]
 -       0.0278 * <1 0 1 0 0 0 1 1 1 0 1 0 0 0 1 1 > * X]
 -       0.2579 * <1 1 1 0 0 0 1 1 1 0 0 0 0 1 1 1 > * X]
 -       0.0107 * <1 0 1 0 0 0 1 1 1 0 0 0 0 0 0 1 > * X]
 +       1      * <0 0 1 1 0 0 1 1 1 1 0 0 0 1 1 1 > * X]
 -       0.5183 * <1 0 1 0 1 1 0 1 1 0 1 0 0 1 1 1 > * X]
 -       0.26   * <0 0 1 0 1 1 0 0 0 1 1 1 1 1 0 1 > * X]
 -       0.3556 * <0 0 1 0 0 1 1 1 1 1 0 1 0 0 0 1 > * X]
 -       0.3264 * <1 0 1 0 0 1 1 1 1 1 0 0 1 1 0 1 > * X]
 -       0.7508 * <0 1 0 0 1 1 0 0 0 0 0 1 1 1 1 1 > * X]
 +       1      * <0 0 0 1 0 1 1 1 1 0 0 1 1 1 0 1 > * X]
 +       0.6939 * <1 0 0 1 1 1 0 0 0 1 0 1 0 1 0 1 > * X]
 -       0.0835 * <0 0 1 0 0 0 1 1 1 0 1 0 0 0 1 1 > * X]
 +       0.9646 * <0 1 0 1 1 1 0 0 0 1 1 1 1 0 0 1 > * X]
 +       0.4983 * <0 0 0 1 1 0 0 0 0 0 0 1 0 1 0 1 > * X]
 -       0.0627 * <1 0 1 0 0 1 1 1 1 0 0 0 0 0 1 1 > * X]
 +       0.6637 * <1 1 0 1 1 1 1 0 0 0 0 1 1 1 0 0 > * X]
 -       1      * <0 1 0 1 1 1 0 0 0 0 0 0 0 1 1 1 > * X]
 -       0.4769 * <0 1 0 0 0 0 1 1 1 1 1 0 0 1 1 1 > * X]
 +       0.7436 * <0 0 0 1 1 1 1 1 1 1 0 1 1 1 0 1 > * X]
 -       0.2556 * <1 1 1 0 0 0 1 1 1 1 0 0 1 0 1 1 > * X]
 -       0.0248 * <1 0 1 0 0 0 1 1 1 0 0 0 0 0 0 1 > * X]
 -       0.0962 * <0 1 1 0 0 0 1 1 1 1 0 0 0 0 1 1 > * X]
 -       0.6324 * <0 0 0 0 1 1 0 0 0 1 1 1 1 1 0 1 > * X]
 -       0.4998 * <1 1 1 0 0 0 1 1 0 0 0 0 0 1 0 1 > * X]
 -       0.0557 * <1 0 1 0 0 0 1 1 1 0 0 0 0 0 0 1 > * X]
 -       0.0824 * <0 0 1 0 0 0 1 1 1 0 1 0 0 0 1 1 > * X]
 -       0.0091 * <1 0 1 0 0 0 1 1 1 0 0 0 0 0 0 1 > * X]
 -       0.2853 * <0 1 1 0 0 0 0 1 1 1 1 0 0 0 1 1 > * X]
 -       0.675  * <1 1 1 1 1 1 0 0 1 0 1 0 1 1 0 0 > * X]
 -       0.2559 * <0 1 1 0 0 1 0 1 1 1 1 0 1 0 1 1 > * X]
 -       0.4647 * <0 0 1 0 0 1 0 1 0 1 1 0 0 0 1 1 > * X]
 -       0.6585 * <0 0 0 0 0 1 1 1 1 1 0 0 0 1 0 1 > * X]
 -       0.3451 * <1 1 1 0 0 1 1 1 0 0 1 0 0 0 1 1 > * X]
 +       0.0039 * <0 0 0 1 1 1 0 0 0 1 0 1 1 1 0 0 > * X]
 +       0      * <0 0 0 1 1 1 0 0 0 1 0 1 1 1 0 0 > * X]
 -       0.5468 * <1 1 1 0 0 1 1 1 0 0 1 1 0 1 0 1 > * X]
 +       0.8445 * <0 1 0 1 1 0 0 0 0 0 0 0 1 1 0 0 > * X]
 -       0.291  * <0 0 1 0 0 0 1 1 1 0 0 0 0 1 0 1 > * X]
 +       0.8285 * <0 0 0 1 1 0 1 1 0 1 0 1 1 1 0 1 > * X]
 -       0.6509 * <0 1 1 0 1 1 1 0 0 0 1 1 1 1 0 1 > * X]
 +       1      * <1 0 1 1 1 0 1 0 1 1 0 0 1 1 0 1 > * X]
 +       0.4555 * <0 0 0 1 1 0 0 0 0 0 0 1 1 1 0 1 > * X]
 -       0.2381 * <0 1 1 0 0 1 1 1 1 1 1 0 1 0 1 1 > * X]
 -       0.3559 * <0 1 1 0 0 1 1 1 1 0 0 0 0 0 0 1 > * X]
 +       0.8794 * <0 0 1 1 1 1 0 0 0 1 0 0 0 1 0 1 > * X]
 -       0.1771 * <1 0 1 0 0 0 1 1 1 1 0 0 0 0 0 1 > * X]
 +       1      * <0 0 1 0 0 1 1 1 1 0 0 0 0 1 0 1 > * X]
 +       0.4704 * <0 1 0 1 1 1 0 1 0 0 0 1 1 1 0 1 > * X]
 +       0.0127 * <0 1 0 1 1 1 0 0 0 0 0 0 1 1 0 0 > * X]
 +       1      * <1 0 1 1 1 1 1 1 0 0 0 0 0 1 0 1 > * X]
 +       1      * <0 0 0 1 0 0 1 1 1 1 0 0 1 1 0 1 > * X]
 +       0.0052 * <0 1 0 1 1 1 0 0 0 0 0 1 1 1 0 0 > * X]
 -       0.2486 * <0 0 1 0 0 0 1 1 1 1 0 0 1 0 1 1 > * X]
 -       0.1651 * <0 1 1 0 0 0 1 1 1 1 0 0 1 0 1 1 > * X]
 +       0.2253 * <1 1 0 1 1 1 1 0 0 0 0 1 1 1 0 1 > * X]
 +       0.0872 * <0 1 0 1 1 1 0 0 0 1 1 1 1 1 0 1 > * X]
 -       0.0088 * <1 1 1 0 0 0 1 1 1 0 0 0 0 0 0 1 > * X]
 +       0      * <0 1 0 1 1 1 0 0 0 0 0 1 1 1 0 0 > * X]
 -       0.101  * <1 1 1 0 0 1 1 1 1 1 1 0 0 0 1 1 > * X]
 +       0.0013 * <0 0 0 1 1 1 0 0 0 0 0 1 1 1 0 0 > * X]
 -       0.2803 * <0 0 1 0 0 1 1 1 1 1 0 0 1 1 0 1 > * X]
 -       0.5181 * <1 0 1 0 0 1 0 1 1 1 1 1 0 0 0 1 > * X]
 -       0.1917 * <1 1 1 0 1 1 0 0 0 1 1 0 1 1 0 1 > * X]
 +       0.677  * <0 0 0 1 1 0 0 0 0 1 0 1 1 1 0 0 > * X]
 -       0.3862 * <0 1 1 0 1 1 0 0 0 0 0 0 1 1 1 1 > * X]
 +       0.681  * <1 0 0 1 1 1 0 1 0 0 0 1 1 1 0 1 > * X]
 -       0.3176 * <1 0 1 0 0 0 1 1 1 1 1 0 0 1 0 1 > * X]
 +       0.8569 * <0 1 0 1 1 1 1 0 0 0 1 1 1 1 0 1 > * X]
 -       0.31   * <1 0 1 0 0 1 1 1 1 1 0 1 0 1 0 1 > * X]
 -       0.5198 * <0 1 1 0 1 1 0 0 0 0 1 0 0 0 1 1 > * X]
 +       0.8778 * <0 0 0 1 1 1 1 0 0 1 0 0 0 1 1 1 > * X]
 -       0.6381 * <1 0 0 0 1 1 1 0 0 1 1 0 0 1 0 1 > * X]
 -       0.6407 * <1 0 1 0 1 1 0 0 0 0 0 0 0 0 0 1 > * X]
 -       0.1276 * <0 0 1 0 0 0 1 1 1 0 0 0 0 0 0 1 > * X]
 +       1      * <1 0 0 1 1 0 1 0 0 1 0 0 0 1 1 1 > * X]
 +       0.0091 * <0 0 0 1 1 1 0 0 0 1 0 1 0 1 0 1 > * X]
 -       0.023  * <1 1 1 0 0 0 1 1 1 0 0 0 0 0 0 1 > * X]
 -       0.271  * <0 0 1 0 0 1 1 1 1 1 1 0 1 1 0 1 > * X]
 +       0.7624 * <1 0 0 1 1 1 1 1 0 0 0 1 0 1 0 1 > * X]
 -       0.3823 * <1 1 1 0 1 1 0 1 0 1 1 0 1 1 1 1 > * X]
 +       1      * <0 0 1 0 0 1 1 1 1 0 0 0 0 1 0 1 > * X]
 -       0.2273 * <1 0 1 0 0 0 1 1 1 0 0 0 1 0 1 1 > * X]
 -       0.33   * <1 1 1 0 0 0 1 1 1 1 1 0 0 0 0 1 > * X]
 +       0.7386 * <1 0 1 1 1 1 1 1 0 1 0 1 0 1 1 1 > * X]
 +       1      * <0 1 1 1 1 1 1 0 1 1 0 1 1 1 0 1 > * X]
 -       0.0131 * <0 0 1 0 0 0 1 1 1 1 0 0 0 0 1 1 > * X]
 -       0.5416 * <0 1 1 0 0 1 0 0 0 0 1 0 1 0 0 1 > * X]
 -       0.6022 * <1 0 1 0 0 1 1 1 1 0 0 0 0 1 0 1 > * X]
 +       0.9522 * <0 0 1 1 1 1 1 0 0 0 0 1 1 1 0 1 > * X]
 -       0.6793 * <0 0 1 0 1 1 0 0 0 0 0 0 1 1 0 0 > * X]
 +       0.0844 * <0 1 0 1 1 1 0 0 0 0 0 0 1 1 0 1 > * X]
 -       0.183  * <0 0 1 0 0 0 1 1 1 1 1 0 0 1 1 1 > * X]
 +       0.7769 * <0 1 0 1 1 1 0 0 0 1 1 1 1 1 0 0 > * X]
 +       1      * <1 0 0 0 0 0 1 1 1 1 0 0 0 1 0 1 > * X]
 -       0.4687 * <1 1 1 0 0 0 1 1 0 1 1 0 0 1 1 1 > * X]
 +       1      * <0 0 0 0 1 1 1 0 0 0 0 0 0 1 1 1 > * X]
 -       0.3751 * <0 0 1 0 0 1 1 1 1 0 1 1 0 1 1 1 > * X]
 -       0.3313 * <0 1 1 0 0 1 0 1 1 0 1 0 1 0 1 1 > * X]
 -       0.3824 * <0 1 1 0 1 1 0 0 0 0 1 0 1 1 0 0 > * X]
 -       0.2752 * <0 1 1 0 0 1 1 1 1 1 1 0 0 1 0 1 > * X]
 +       1      * <1 1 1 1 0 0 1 1 1 1 1 0 0 1 0 1 > * X]
 -       0.1766 * <0 0 1 0 0 1 1 1 1 1 1 1 0 1 1 1 > * X]
 +       0.6676 * <0 1 0 1 1 1 0 0 1 1 0 1 1 1 0 1 > * X]
 -       0.3405 * <0 0 1 0 1 1 0 0 0 0 1 1 1 1 0 1 > * X]
 -       0.0065 * <1 1 1 0 0 0 1 1 1 0 1 0 0 0 0 1 > * X]
 -       0.2859 * <1 1 1 0 0 0 0 1 1 0 1 0 0 0 1 1 > * X]
 -       0.0028 * <1 1 1 0 0 0 1 1 1 0 0 0 0 0 0 1 > * X]
 -       0.0016 * <1 0 1 0 0 0 1 1 1 0 0 0 0 0 0 1 > * X]
 +       0.8279 * <1 0 0 1 1 1 0 0 0 1 0 0 1 1 0 0 > * X]
 -       0.3993 * <1 1 1 0 0 1 1 1 1 0 1 0 1 0 0 1 > * X]
 -       0.0043 * <1 0 1 0 0 0 1 1 1 0 1 0 0 0 1 1 > * X]
 -       0.4366 * <1 0 1 0 0 0 1 0 1 1 1 0 0 0 1 1 > * X]
 -       0.4189 * <1 1 0 0 0 0 1 1 1 0 1 0 0 0 1 1 > * X]
 -       1      * <0 0 1 0 0 1 1 1 1 0 0 0 0 1 0 1 > * X]
 -       0.5656 * <0 1 1 0 1 1 1 0 1 1 1 0 1 1 0 1 > * X]
 -       0.3477 * <1 0 1 0 0 0 1 1 1 1 0 0 0 1 1 1 > * X]
 +       0.7276 * <0 0 0 1 1 0 0 0 0 0 0 1 0 1 0 0 > * X]
 +       0.558  * <0 1 0 1 1 1 0 0 0 1 0 0 1 1 0 0 > * X]
 +       0.0915 * <0 1 0 1 1 1 1 0 0 0 0 1 1 1 0 1 > * X]
 -       0.4242 * <0 0 1 0 0 1 0 1 1 1 0 0 0 1 0 1 > * X]
 +       0.2117 * <0 0 0 1 1 1 0 0 0 1 0 1 0 1 0 1 > * X]
 -       0.1295 * <1 1 1 0 0 1 1 1 1 0 0 0 0 0 1 1 > * X]
 -       0.3337 * <1 1 1 0 1 1 0 1 0 1 1 0 1 1 0 1 > * X]
 +       0.2768 * <0 1 0 1 1 1 0 0 0 1 1 1 1 1 0 1 > * X]
 -       0.2729 * <1 0 1 0 0 0 1 1 1 1 1 0 1 0 1 1 > * X]
 -       0.8709 * <0 1 1 1 1 1 0 0 0 1 1 0 1 1 0 0 > * X]
 -       0.3411 * <0 1 1 0 0 0 0 1 1 0 1 0 0 1 1 1 > * X]
 -       0.0095 * <1 0 1 0 0 0 1 1 1 0 0 0 1 0 1 1 > * X]
 -       0.6113 * <1 1 1 0 1 1 0 0 1 1 0 0 0 1 1 1 > * X]
 -       0.2156 * <1 1 1 0 0 1 1 1 1 1 0 0 0 0 0 1 > * X]
 -       0.6963 * <1 0 0 0 1 1 1 0 1 0 0 0 0 1 0 0 > * X]
 -       0.1119 * <0 0 1 0 0 1 1 1 1 1 0 0 0 1 1 1 > * X]
 -       0.3556 * <1 1 1 0 1 1 0 0 0 0 1 0 1 1 1 1 > * X]
 -       0.3706 * <0 1 1 0 0 0 1 1 0 0 1 0 0 0 1 1 > * X]
 +       0.0025 * <0 1 0 1 1 1 0 0 0 0 0 1 1 1 0 0 > * X]
 +       0.7041 * <0 0 1 1 1 1 0 0 0 1 0 1 1 1 0 1 > * X]
 +       0.0012 * <0 1 0 1 1 1 0 0 0 0 0 1 1 1 0 0 > * X]
 -       0.0437 * <1 0 1 0 0 1 1 1 1 0 0 0 0 0 1 1 > * X]
 +       0.0011 * <0 0 0 1 1 1 1 1 1 1 0 1 1 1 0 1 > * X]
 -       0.2853 * <0 0 1 0 0 1 1 1 1 1 0 1 0 1 1 1 > * X]
 -       0.7675 * <0 1 1 1 1 1 0 0 0 1 1 1 1 1 1 1 > * X]
 -       0.2662 * <0 0 1 0 0 0 1 1 1 0 0 0 0 1 1 1 > * X]
 +       0.5143 * <0 1 0 1 1 1 0 1 0 1 0 1 1 1 0 1 > * X]
 +       1      * <1 1 1 1 1 0 1 0 0 0 0 1 1 1 0 1 > * X]
 -       1      * <0 0 0 0 1 1 1 0 0 0 0 1 1 1 0 1 > * X]
 -       0.639  * <1 0 0 0 1 1 0 0 0 0 1 1 0 1 0 1 > * X]
 -       0.4053 * <1 0 1 0 0 0 1 1 1 1 1 1 0 1 0 1 > * X]
 -       0.2488 * <0 0 1 0 0 1 1 1 1 0 0 0 0 0 1 1 > * X]
 -       0.4693 * <0 0 0 0 0 1 1 1 1 0 1 0 0 1 1 1 > * X]
 -       0.4029 * <0 1 1 0 0 0 1 1 1 0 0 0 1 0 0 1 > * X]
 -       0.4202 * <0 0 1 0 0 1 1 1 0 1 0 0 0 0 1 1 > * X]
 +       0.6085 * <1 0 0 1 1 1 1 0 0 1 0 1 1 1 0 1 > * X]
 -       0.1474 * <1 0 1 0 0 1 1 1 1 1 1 0 0 1 1 1 > * X]
 -       0.3793 * <1 0 1 0 0 0 0 1 1 1 0 0 0 0 1 1 > * X]
 +       1      * <0 0 0 1 1 1 0 0 0 0 0 1 1 1 1 0 > * X]
 -       0.5052 * <1 0 1 0 1 1 1 0 0 0 1 0 0 1 0 1 > * X]
 -       0.0645 * <0 1 1 0 0 0 1 1 1 1 0 0 0 0 1 1 > * X]
 +       0.8765 * <0 0 1 1 1 1 1 1 0 1 0 0 0 1 0 1 > * X]
 +       0.1021 * <1 1 0 1 1 1 0 0 0 1 0 1 1 1 0 1 > * X]
 +       0.4514 * <1 1 0 1 1 1 0 0 0 1 0 1 1 1 0 0 > * X]
 -       0.8025 * <0 1 1 1 1 1 0 1 1 1 1 1 1 1 0 1 > * X]
 -       0.0292 * <1 0 1 0 0 0 1 1 1 1 0 0 0 0 0 1 > * X]
 -       0.0018 * <1 0 1 0 0 0 1 1 1 0 1 0 0 0 1 1 > * X]
 -       0.7437 * <1 1 0 0 1 1 0 0 0 1 1 1 1 1 0 1 > * X]
 -       0.0555 * <1 0 1 0 0 1 1 1 1 1 1 0 0 0 1 1 > * X]
 -       0.0166 * <1 1 1 0 0 0 1 1 1 0 1 0 0 0 0 1 > * X]
 +       0.1832 * <1 1 0 1 1 1 0 0 0 1 0 1 1 1 0 1 > * X]
 +       0.4245 * <0 0 0 1 1 1 0 0 0 1 0 0 1 1 0 1 > * X]
 -       0.3175 * <0 0 1 0 0 0 1 1 1 1 0 0 0 1 0 1 > * X]
 -       0.0214 * <0 0 1 0 0 1 1 1 1 0 1 0 0 1 1 1 > * X]
 +       0.7337 * <1 1 0 1 1 1 0 0 0 0 0 0 1 1 0 1 > * X]
 -       0.7167 * <0 0 0 0 0 0 1 1 1 1 0 1 1 1 1 1 > * X]
 -       0.4273 * <0 1 1 0 0 1 0 1 1 0 1 0 0 1 0 1 > * X]
 -       0.1857 * <0 0 1 0 0 1 1 1 1 1 1 0 0 0 0 1 > * X]
 +       1      * <1 0 0 1 1 0 1 1 1 0 0 1 1 1 0 1 > * X]
 -       0.0185 * <1 1 1 0 0 0 1 1 1 0 0 0 0 0 0 1 > * X]
 -       0.6288 * <1 0 1 0 0 1 1 1 0 0 0 1 1 0 0 1 > * X]
 -       0.0789 * <1 0 1 0 0 0 1 1 1 0 0 0 1 0 1 1 > * X]
 +       1      * <1 1 0 1 1 1 0 1 0 0 1 1 1 1 0 0 > * X]
 -       0.5423 * <1 0 1 0 1 1 1 0 1 0 1 0 1 1 1 1 > * X]
 -       0.7339 * <0 0 1 1 1 1 0 0 1 0 0 0 1 1 1 1 > * X]
 -       0.2209 * <0 1 1 0 1 1 0 0 0 1 1 1 1 1 0 1 > * X]
 -       0.0086 * <1 1 1 0 0 0 1 1 1 0 0 0 0 0 0 1 > * X]
 -       0.1233 * <1 1 1 0 0 1 1 1 1 1 0 0 0 0 1 1 > * X]
 -       0.3102

Number of support vectors: 191

Number of kernel evaluations: 39715 (90.372% cached)



Time taken to build model: 0.06 seconds

=== Evaluation on training set ===
=== Summary ===

Correctly Classified Instances         289               99.3127 %
Incorrectly Classified Instances         2                0.6873 %
Kappa statistic                          0.9854
Mean absolute error                      0.0069
Root mean squared error                  0.0829
Relative absolute error                  1.4559 %
Root relative squared error             17.0672 %
Total Number of Instances              291     

=== Detailed Accuracy By Class ===

               TP Rate   FP Rate   Precision   Recall  F-Measure   ROC Area  Class
                 1         0.018      0.989     1         0.994      0.991    democrat
                 0.982     0          1         0.982     0.991      0.991    republican
Weighted Avg.    0.993     0.011      0.993     0.993     0.993      0.991

=== Confusion Matrix ===

   a   b   <-- classified as
 180   0 |   a = democrat
   2 109 |   b = republican

